

 <bound method DataFrame.to_string of         param         x             y         z    E_p
3381   0.9068 -0.996195  1.484400e-08 -0.087156   2.83
8433   3.0821 -0.996195  1.484400e-08 -0.087156   6.65
13     5.3538 -0.996195  1.484400e-08  0.087156  10.00
5065   1.3072 -0.996195  1.484400e-08  0.087156   3.62
5907   1.6401 -0.996195  1.484400e-08  0.087156   4.26
...       ...       ...           ...       ...    ...
5880   1.3072  0.996195 -1.484400e-08 -0.087156   3.62
6722   1.6401  0.996195 -1.484400e-08 -0.087156   4.26
10090  4.3149  0.996195 -1.484400e-08 -0.087156   8.50
4196   0.9068  0.996195 -1.484400e-08  0.087156   2.83
9248   3.0821  0.996195 -1.484400e-08  0.087156   6.65

[160 rows x 5 columns]>


         param             x             y         z    E_p
3381   0.9068 -9.961947e-01  1.484400e-08 -0.087156   2.83
8433   3.0821 -9.961947e-01  1.484400e-08 -0.087156   6.65
13     5.3538 -9.961947e-01  1.484400e-08  0.087156  10.00
5065   1.3072 -9.961947e-01  1.484400e-08  0.087156   3.62
5907   1.6401 -9.961947e-01  1.484400e-08  0.087156   4.26
9275   4.3149 -9.961947e-01  1.484400e-08  0.087156   8.50
1721   0.3145 -9.848078e-01  1.467500e-08 -0.173648   1.33
7615   0.1035 -9.848078e-01  1.467500e-08 -0.173648   0.57
879    0.2714 -9.848078e-01  1.467500e-08  0.173648   1.21
4247   0.9366 -9.848078e-01  1.467500e-08  0.173648   2.83
2587   0.5465 -9.659258e-01  1.439300e-08 -0.258819   2.00
6797   1.8726 -9.659258e-01  1.439300e-08 -0.258819   4.68
5137   1.2761 -9.396926e-01  1.400300e-08 -0.342020   3.62
9347   4.2224 -9.396926e-01  1.400300e-08 -0.342020   8.50
951    0.2619 -9.063078e-01  1.350500e-08 -0.422618   1.21
1793   0.3030 -9.063078e-01  1.350500e-08 -0.422618   1.33
4319   0.9023 -9.063078e-01  1.350500e-08 -0.422618   2.83
7687   0.1003 -9.063078e-01  1.350500e-08 -0.422618   0.57
132    5.1143 -8.660254e-01 -1.290500e-08 -0.500000  10.00
6026   1.5535 -8.660254e-01 -1.290500e-08 -0.500000   4.26
1817   0.2974 -8.660254e-01  1.290500e-08 -0.500000   1.33
3501   0.8566 -8.660254e-01  1.290500e-08 -0.500000   2.83
7711   0.0987 -8.660254e-01  1.290500e-08 -0.500000   0.57
8553   2.9234 -8.660254e-01  1.290500e-08 -0.500000   6.65
5232   1.1914 -7.660444e-01 -1.141500e-08 -0.642788   3.62
9442   3.9708 -7.660444e-01 -1.141500e-08 -0.642788   8.50
3572   0.8049 -7.071068e-01 -1.053700e-08 -0.707107   2.83
8624   2.7599 -7.071068e-01 -1.053700e-08 -0.707107   6.65
1889   0.2781 -7.071068e-01  1.053700e-08 -0.707107   1.33
2730   0.4893 -7.071068e-01  1.053700e-08 -0.707107   2.00
6940   1.6835 -7.071068e-01  1.053700e-08 -0.707107   4.68
7783   0.0932 -7.071068e-01  1.053700e-08 -0.707107   0.57
2731   0.4892 -7.071068e-01  1.053700e-08  0.707107   2.00
3573   0.8048 -7.071068e-01  1.053700e-08  0.707107   2.83
6941   1.6843 -7.071068e-01  1.053700e-08  0.707107   4.68
8625   2.7606 -7.071068e-01  1.053700e-08  0.707107   6.65
3596   0.7869 -6.427876e-01 -9.578000e-09 -0.766044   2.83
8648   2.7032 -6.427876e-01 -9.578000e-09 -0.766044   6.65
1071   0.2357 -6.427876e-01  9.578000e-09 -0.766044   1.21
4439   0.8085 -6.427876e-01  9.578000e-09 -0.766044   2.83
252    4.7001 -5.735764e-01 -8.547000e-09 -0.819152  10.00
6146   1.4027 -5.735764e-01 -8.547000e-09 -0.819152   4.26
3645   0.7531 -5.000000e-01  7.451000e-09  0.866025   2.83
8697   2.5972 -5.000000e-01  7.451000e-09  0.866025   6.65
5352   1.0746 -4.226183e-01 -6.298000e-09 -0.906308   3.62
9562   3.6238 -4.226183e-01 -6.298000e-09 -0.906308   8.50
1143   0.2207 -4.226183e-01  6.298000e-09  0.906308   1.21
3669   0.7383 -4.226183e-01  6.298000e-09  0.906308   2.83
4511   0.7550 -4.226183e-01  6.298000e-09  0.906308   2.83
8721   2.5505 -4.226183e-01  6.298000e-09  0.906308   6.65
1166   0.2168 -3.420201e-01 -7.208000e-09 -0.939693   1.21
4534   0.7405 -3.420201e-01 -7.208000e-09 -0.939693   2.83
2850   0.4387 -3.420201e-01 -5.096000e-09 -0.939693   2.00
7060   1.5166 -3.420201e-01 -5.096000e-09 -0.939693   4.68
2851   0.4386 -3.420201e-01  5.096000e-09  0.939693   2.00
5377   1.0566 -3.420201e-01  5.096000e-09  0.939693   3.62
7061   1.5171 -3.420201e-01  5.096000e-09  0.939693   4.68
9587   3.5707 -3.420201e-01  5.096000e-09  0.939693   8.50
1190   0.2136 -2.588190e-01 -3.857000e-09 -0.965926   1.21
4558   0.7290 -2.588190e-01 -3.857000e-09 -0.965926   2.83
3717   0.7152 -2.588190e-01  3.857000e-09  0.965926   2.83
8769   2.4774 -2.588190e-01  3.857000e-09  0.965926   6.65
372    4.4067 -1.736482e-01 -2.588000e-09 -0.984808  10.00
2056   0.2417 -1.736482e-01 -2.588000e-09 -0.984808   1.33
6266   1.2955 -1.736482e-01 -2.588000e-09 -0.984808   4.26
7950   0.0829 -1.736482e-01 -2.588000e-09 -0.984808   0.57
373    4.4073 -1.736482e-01  2.588000e-09  0.984808  10.00
3741   0.7076 -1.736482e-01  2.588000e-09  0.984808   2.83
6267   1.2954 -1.736482e-01  2.588000e-09  0.984808   4.26
8793   2.4533 -1.736482e-01  2.588000e-09  0.984808   6.65
2080   0.2400 -8.715574e-02 -1.299000e-09 -0.996195   1.33
3764   0.7029 -8.715574e-02 -1.299000e-09 -0.996195   2.83
7974   0.0824 -8.715574e-02 -1.299000e-09 -0.996195   0.57
8816   2.4384 -8.715574e-02 -1.299000e-09 -0.996195   6.65
2923   0.4242 -8.715574e-02  1.299000e-09  0.996195   2.00
7133   1.4692 -8.715574e-02  1.299000e-09  0.996195   4.68
2935   0.4232 -1.154600e-08  9.420000e-09  1.000000   2.00
7145   1.4658 -1.154600e-08  9.420000e-09  1.000000   4.68
5461   1.0233 -1.132700e-08  9.682000e-09  1.000000   3.62
9671   3.4717 -1.132700e-08  9.682000e-09  1.000000   8.50
5484   1.0233  1.132700e-08 -9.682000e-09 -1.000000   3.62
9694   3.4717  1.132700e-08 -9.682000e-09 -1.000000   8.50
2958   0.4232  1.154600e-08 -9.420000e-09 -1.000000   2.00
7168   1.4658  1.154600e-08 -9.420000e-09 -1.000000   4.68
2970   0.4242  8.715574e-02 -1.299000e-09 -0.996195   2.00
7180   1.4692  8.715574e-02 -1.299000e-09 -0.996195   4.68
2129   0.2400  8.715574e-02  1.299000e-09  0.996195   1.33
3813   0.7029  8.715574e-02  1.299000e-09  0.996195   2.83
8023   0.0824  8.715574e-02  1.299000e-09  0.996195   0.57
8865   2.4384  8.715574e-02  1.299000e-09  0.996195   6.65
468    4.4073  1.736482e-01 -2.588000e-09 -0.984808  10.00
3836   0.7076  1.736482e-01 -2.588000e-09 -0.984808   2.83
6362   1.2954  1.736482e-01 -2.588000e-09 -0.984808   4.26
8888   2.4533  1.736482e-01 -2.588000e-09 -0.984808   6.65
469    4.4067  1.736482e-01  2.588000e-09  0.984808  10.00
2153   0.2417  1.736482e-01  2.588000e-09  0.984808   1.33
6363   1.2955  1.736482e-01  2.588000e-09  0.984808   4.26
8047   0.0829  1.736482e-01  2.588000e-09  0.984808   0.57
3860   0.7152  2.588190e-01 -3.857000e-09 -0.965926   2.83
8912   2.4774  2.588190e-01 -3.857000e-09 -0.965926   6.65
1335   0.2136  2.588190e-01  3.857000e-09  0.965926   1.21
4703   0.7290  2.588190e-01  3.857000e-09  0.965926   2.83
3042   0.4386  3.420201e-01 -5.096000e-09 -0.939693   2.00
5568   1.0566  3.420201e-01 -5.096000e-09 -0.939693   3.62
7252   1.5171  3.420201e-01 -5.096000e-09 -0.939693   4.68
9778   3.5707  3.420201e-01 -5.096000e-09 -0.939693   8.50
3043   0.4387  3.420201e-01  5.096000e-09  0.939693   2.00
7253   1.5166  3.420201e-01  5.096000e-09  0.939693   4.68
1359   0.2168  3.420201e-01  7.208000e-09  0.939693   1.21
4727   0.7405  3.420201e-01  7.208000e-09  0.939693   2.83
1382   0.2207  4.226183e-01 -6.298000e-09 -0.906308   1.21
3908   0.7383  4.226183e-01 -6.298000e-09 -0.906308   2.83
4750   0.7550  4.226183e-01 -6.298000e-09 -0.906308   2.83
8960   2.5505  4.226183e-01 -6.298000e-09 -0.906308   6.65
5593   1.0746  4.226183e-01  6.298000e-09  0.906308   3.62
9803   3.6238  4.226183e-01  6.298000e-09  0.906308   8.50
3932   0.7531  5.000000e-01 -7.451000e-09 -0.866025   2.83
8984   2.5972  5.000000e-01 -7.451000e-09 -0.866025   6.65
589    4.7001  5.735764e-01  8.547000e-09  0.819152  10.00
6483   1.4027  5.735764e-01  8.547000e-09  0.819152   4.26
1454   0.2357  6.427876e-01 -9.578000e-09  0.766044   1.21
4822   0.8085  6.427876e-01 -9.578000e-09  0.766044   2.83
3981   0.7869  6.427876e-01  9.578000e-09  0.766044   2.83
9033   2.7032  6.427876e-01  9.578000e-09  0.766044   6.65
3162   0.4892  7.071068e-01 -1.053700e-08 -0.707107   2.00
4004   0.8048  7.071068e-01 -1.053700e-08 -0.707107   2.83
7372   1.6843  7.071068e-01 -1.053700e-08 -0.707107   4.68
9056   2.7606  7.071068e-01 -1.053700e-08 -0.707107   6.65
2320   0.2781  7.071068e-01 -1.053700e-08  0.707107   1.33
3163   0.4893  7.071068e-01 -1.053700e-08  0.707107   2.00
7373   1.6835  7.071068e-01 -1.053700e-08  0.707107   4.68
8214   0.0932  7.071068e-01 -1.053700e-08  0.707107   0.57
4005   0.8049  7.071068e-01  1.053700e-08  0.707107   2.83
9057   2.7599  7.071068e-01  1.053700e-08  0.707107   6.65
5713   1.1914  7.660444e-01  1.141500e-08  0.642788   3.62
9923   3.9708  7.660444e-01  1.141500e-08  0.642788   8.50
2392   0.2974  8.660254e-01 -1.290500e-08  0.500000   1.33
4076   0.8566  8.660254e-01 -1.290500e-08  0.500000   2.83
8286   0.0987  8.660254e-01 -1.290500e-08  0.500000   0.57
9128   2.9234  8.660254e-01 -1.290500e-08  0.500000   6.65
709    5.1143  8.660254e-01  1.290500e-08  0.500000  10.00
6603   1.5535  8.660254e-01  1.290500e-08  0.500000   4.26
1574   0.2619  9.063078e-01 -1.350500e-08  0.422618   1.21
2416   0.3030  9.063078e-01 -1.350500e-08  0.422618   1.33
4942   0.9023  9.063078e-01 -1.350500e-08  0.422618   2.83
8310   0.1003  9.063078e-01 -1.350500e-08  0.422618   0.57
5808   1.2761  9.396926e-01 -1.400300e-08  0.342020   3.62
10018  4.2224  9.396926e-01 -1.400300e-08  0.342020   8.50
3306   0.5465  9.659258e-01 -1.439300e-08  0.258819   2.00
7516   1.8726  9.659258e-01 -1.439300e-08  0.258819   4.68
1646   0.2714  9.848078e-01 -1.467500e-08 -0.173648   1.21
5014   0.9366  9.848078e-01 -1.467500e-08 -0.173648   2.83
2488   0.3145  9.848078e-01 -1.467500e-08  0.173648   1.33
8382   0.1035  9.848078e-01 -1.467500e-08  0.173648   0.57
828    5.3538  9.961947e-01 -1.484400e-08 -0.087156  10.00
5880   1.3072  9.961947e-01 -1.484400e-08 -0.087156   3.62
6722   1.6401  9.961947e-01 -1.484400e-08 -0.087156   4.26
10090  4.3149  9.961947e-01 -1.484400e-08 -0.087156   8.50
4196   0.9068  9.961947e-01 -1.484400e-08  0.087156   2.83
9248   3.0821  9.961947e-01 -1.484400e-08  0.087156   6.65
